{
  "version": "helsinki-archive-bayesian-logistic-v3",
  "kind": "Bayesian logistic regression",
  "definition": "Direct normal irradiance above 120 W/m\u00b2.",
  "features": [
    "cloud_cover",
    "low_cloud_cover",
    "cloud_low_interaction",
    "precipitation_signal",
    "precipitation_weather",
    "direct_radiation_fraction",
    "sun_altitude_sine",
    "season_sine",
    "season_cosine"
  ],
  "weights": [
    -2.853264818,
    -2.6012306581,
    0.408080755,
    -1.2059592921,
    -1.2873735855,
    0.0262508978,
    25.362627454,
    3.4458539013,
    -0.330007381,
    0.0689170525
  ],
  "posterior": {
    "method": "Laplace approximation around the MAP estimate",
    "credible_interval": 0.9,
    "prior": {
      "intercept": {
        "distribution": "Normal",
        "mean": 0.3130082517,
        "stddev": 2.5
      },
      "coefficients": {
        "distribution": "Normal",
        "mean": 0.0,
        "stddev": 2.5
      }
    },
    "covariance": [
      [
        0.034829612029,
        -0.02191308004,
        -0.053394694627,
        0.0550832381,
        0.002635729937,
        -5.3671922e-05,
        -0.060729446264,
        -0.013746871314,
        0.00072874753,
        0.001123369484
      ],
      [
        -0.02191308004,
        0.061605507473,
        0.052620414445,
        -0.071108039879,
        0.000481356114,
        -0.000604011791,
        -0.054431847689,
        -0.041387840278,
        0.002627379811,
        -0.002181813807
      ],
      [
        -0.053394694627,
        0.052620414445,
        1.212288425289,
        -1.216126580393,
        0.032050814725,
        -0.034053916829,
        -0.044755079314,
        -0.017091284901,
        0.011720474733,
        -0.007178544354
      ],
      [
        0.0550832381,
        -0.071108039879,
        -1.216126580393,
        1.258364653369,
        -0.029136142761,
        0.029534288451,
        0.041827514533,
        0.011130142591,
        -0.01202523029,
        3.7624973e-05
      ],
      [
        0.002635729937,
        0.000481356114,
        0.032050814725,
        -0.029136142761,
        0.303300650038,
        -0.18403865025,
        -0.005843514062,
        -0.012929173302,
        0.001885957976,
        0.000733309699
      ],
      [
        -5.3671922e-05,
        -0.000604011791,
        -0.034053916829,
        0.029534288451,
        -0.18403865025,
        0.150295567318,
        0.002282627649,
        -0.007501789476,
        0.00180458634,
        0.002086099717
      ],
      [
        -0.060729446264,
        -0.054431847689,
        -0.044755079314,
        0.041827514533,
        -0.005843514062,
        0.002282627649,
        0.676118852955,
        0.040333131395,
        -0.005146044009,
        0.006838075393
      ],
      [
        -0.013746871314,
        -0.041387840278,
        -0.017091284901,
        0.011130142591,
        -0.012929173302,
        -0.007501789476,
        0.040333131395,
        0.155407310815,
        -0.008880324927,
        0.018922754927
      ],
      [
        0.00072874753,
        0.002627379811,
        0.011720474733,
        -0.01202523029,
        0.001885957976,
        0.00180458634,
        -0.005146044009,
        -0.008880324927,
        0.009041706557,
        -0.000678281587
      ],
      [
        0.001123369484,
        -0.002181813807,
        -0.007178544354,
        3.7624973e-05,
        0.000733309699,
        0.002086099717,
        0.006838075393,
        0.018922754927,
        -0.000678281587,
        0.015014900242
      ]
    ],
    "fit": {
      "iterations": 10,
      "converged": true
    }
  },
  "training": {
    "source": "Open-Meteo Historical Weather API reanalysis",
    "location": "Helsinki, Finland",
    "start_date": "2023-07-15",
    "end_date": "2026-07-13",
    "daylight_samples": 13257,
    "training_samples": 8838,
    "validation_samples": 4419,
    "split": "chronological holdout",
    "validation": {
      "model": {
        "brier_score": 0.0258,
        "accuracy_at_50_percent": 0.9663,
        "positive_rate": 0.6051
      },
      "climatology": {
        "brier_score": 0.2397,
        "accuracy_at_50_percent": 0.6051,
        "constant_probability": 0.5776
      }
    },
    "generated_at": "2026-07-19T14:46:09.409857Z"
  }
}
